date,vaccination.administered,vaccination.administered.todate,vaccination.administered2nd,vaccination.administered2nd.todate,vaccination.used.todate,vaccination.delivered.todate,vaccination.pfizer.delivered,vaccination.pfizer.delivered.todate,vaccination.moderna.delivered,vaccination.moderna.delivered.todate,vaccination.az.delivered,vaccination.az.delivered.todate,vaccination.janssen.delivered,vaccination.janssen.delivered.todate
2020-12-26,,,,,,11700,11700,11700,,,,,,
2020-12-27,6039,6039,,,6039,11700,,11700,,,,,,
2020-12-28,1547,7586,,,7586,11700,,11700,,,,,,
2020-12-29,1238,8824,,,8824,11700,,11700,,,,,,
2020-12-30,392,9216,,,9216,19890,8190,19890,,,,,,
2020-12-31,1855,11071,,,11071,19890,,19890,,,,,,
2021-01-01,150,11221,,,11221,19890,,19890,,,,,,
2021-01-02,404,11625,,,11625,19890,,19890,,,,,,
2021-01-03,555,12180,,,12180,19890,,19890,,,,,,
2021-01-04,1080,13260,,,13260,39780,19890,39780,,,,,,
2021-01-05,2467,15727,,,15727,39780,,39780,,,,,,
2021-01-06,5285,21012,,,21012,39780,,39780,,,,,,
2021-01-07,5457,26469,,,26469,39780,,39780,,,,,,
2021-01-08,3221,29690,1,1,29691,39780,,39780,,,,,,
2021-01-09,254,29944,,1,29945,39780,,39780,,,,,,
2021-01-10,1,29945,,1,29946,39780,,39780,,,,,,
2021-01-11,484,30429,,1,30430,59670,19890,59670,,,,,,
2021-01-12,1804,32233,,1,32234,60870,,59670,1200,1200,,,,
2021-01-13,4696,36929,1,2,36931,60870,,59670,,1200,,,,
2021-01-14,6671,43600,1,3,43603,60870,,59670,,1200,,,,
2021-01-15,4766,48366,150,153,48519,60870,,59670,,1200,,,,
2021-01-16,324,48690,,153,48843,60870,,59670,,1200,,,,
2021-01-17,4,48694,,153,48847,60870,,59670,,1200,,,,
2021-01-18,62,48756,166,319,49075,70230,9360,69030,,1200,,,,
2021-01-19,555,49311,1614,1933,51244,70230,,69030,,1200,,,,
2021-01-20,1158,50469,3528,5461,55930,70230,,69030,,1200,,,,
2021-01-21,1327,51796,3386,8847,60643,70230,,69030,,1200,,,,
2021-01-22,1207,53003,968,9815,62818,70230,,69030,,1200,,,,
2021-01-23,230,53233,483,10298,63531,70230,,69030,,1200,,,,
2021-01-24,16,53249,133,10431,63680,70230,,69030,,1200,,,,
2021-01-25,3,53252,4,10435,63687,90120,19890,88920,,1200,,,,
2021-01-26,86,53338,1746,12181,65519,90120,,88920,,1200,,,,
2021-01-27,287,53625,4765,16946,70571,90120,,88920,,1200,,,,
2021-01-28,525,54150,5585,22531,76681,90120,,88920,,1200,,,,
2021-01-29,564,54714,4010,26541,81255,90120,,88920,,1200,,,,
2021-01-30,11,54725,105,26646,81371,90120,,88920,,1200,,,,
2021-01-31,,54725,2,26648,81373,92520,,88920,2400,3600,,,,
2021-02-01,23,54748,30,26678,81426,110070,17550,106470,,3600,,,,
2021-02-02,17,54765,1097,27775,82540,110070,,106470,,3600,,,,
2021-02-03,196,54961,4611,32386,87347,110070,,106470,,3600,,,,
2021-02-04,658,55619,6739,39125,94744,110070,,106470,,3600,,,,
2021-02-05,419,56038,5224,44349,100387,114870,,106470,4800,8400,,,,
2021-02-06,28,56066,573,44922,100988,124470,,106470,,8400,9600,9600,,
2021-02-07,,56066,,44922,100988,124470,,106470,,8400,,9600,,
2021-02-08,398,56464,,44922,101386,124470,,106470,,8400,,9600,,
2021-02-09,88,56552,31,44953,101505,142020,17550,124020,,8400,,9600,,
2021-02-10,2497,59049,712,45665,104714,142020,,124020,,8400,,9600,,
2021-02-11,6823,65872,1768,47433,113305,151620,,124020,,8400,9600,19200,,
2021-02-12,6876,72748,1738,49171,121919,151620,,124020,,8400,,19200,,
2021-02-13,710,73458,189,49360,122818,151620,,124020,,8400,,19200,,
2021-02-14,16,73474,16,49376,122850,151620,,124020,,8400,,19200,,
2021-02-15,78,73552,8,49384,122936,172680,21060,145080,,8400,,19200,,
2021-02-16,1044,74596,71,49455,124051,172680,,145080,,8400,,19200,,
2021-02-17,4917,79513,623,50078,129591,172680,,145080,,8400,,19200,,
2021-02-18,8306,87819,728,50806,138625,189480,,145080,,8400,16800,36000,,
2021-02-19,6142,93961,600,51406,145367,189480,,145080,,8400,,36000,,
2021-02-20,2518,96479,20,51426,147905,189480,,145080,,8400,,36000,,
2021-02-21,1,96480,,51426,147906,189480,,145080,,8400,,36000,,
2021-02-22,473,96953,3,51429,148382,211710,22230,167310,,8400,,36000,,
2021-02-23,1522,98475,7,51436,149911,211710,,167310,,8400,,36000,,
2021-02-24,6790,105265,186,51622,156887,211710,,167310,,8400,,36000,,
2021-02-25,10750,116015,190,51812,167827,236910,,167310,8400,16800,16800,52800,,
2021-02-26,7223,123238,543,52355,175593,236910,,167310,,16800,,52800,,
2021-02-27,916,124154,10,52365,176519,236910,,167310,,16800,,52800,,
2021-02-28,,124154,,52365,176519,236910,,167310,,16800,,52800,,
2021-03-01,1137,125291,,52365,177656,256800,19890,187200,,16800,,52800,,
2021-03-02,2166,127457,11,52376,179833,256800,,187200,,16800,,52800,,
2021-03-03,6550,134007,884,53260,187267,256800,,187200,,16800,,52800,,
2021-03-04,6728,140735,4569,57829,198564,278400,,187200,,16800,21600,74400,,
2021-03-05,4610,145345,5684,63513,208858,278400,,187200,,16800,,74400,,
2021-03-06,1347,146692,594,64107,210799,278400,,187200,,16800,,74400,,
2021-03-07,,146692,,64107,210799,278400,,187200,,16800,,74400,,
2021-03-08,1410,148102,394,64501,212603,298290,19890,207090,,16800,,74400,,
2021-03-09,3686,151788,495,64996,216784,298290,,207090,,16800,,74400,,
2021-03-10,4678,156466,4924,69920,226386,298290,,207090,,16800,,74400,,
2021-03-11,6109,162575,7850,77770,240345,312690,,207090,,16800,14400,88800,,
2021-03-12,8382,170957,5111,82881,253838,324690,,207090,12000,28800,,88800,,
2021-03-13,6177,177134,2160,85041,262175,324690,,207090,,28800,,88800,,
2021-03-14,1,177135,,85041,262176,324690,,207090,,28800,,88800,,
2021-03-15,1335,178470,293,85334,263804,344580,19890,226980,,28800,,88800,,
2021-03-16,270,178740,781,86115,264855,344580,,226980,,28800,,88800,,
2021-03-17,455,179195,5685,91800,270995,344580,,226980,,28800,,88800,,
2021-03-18,1685,180880,8390,100190,281070,344580,,226980,,28800,,88800,,
2021-03-19,2998,183878,4472,104662,288540,349380,,226980,,28800,4800,93600,,
2021-03-20,4056,187934,179,104841,292775,349380,,226980,,28800,,93600,,
2021-03-21,,187934,,104841,292775,349380,,226980,,28800,,93600,,
2021-03-22,1120,189054,9,104850,293904,378630,29250,256230,,28800,,93600,,
2021-03-23,3935,192989,312,105162,298151,378630,,256230,,28800,,93600,,
2021-03-24,7337,200326,2580,107742,308068,378630,,256230,,28800,,93600,,
2021-03-25,11861,212187,2526,110268,322455,396630,,256230,18000,46800,,93600,,
2021-03-26,13702,225889,2282,112550,338439,401430,,256230,,46800,4800,98400,,
2021-03-27,6751,232640,493,113043,345683,401430,,256230,,46800,,98400,,
2021-03-28,1258,233898,3,113046,346944,401430,,256230,,46800,,98400,,
2021-03-29,1125,235023,7,113053,348076,430680,29250,285480,,46800,,98400,,
2021-03-30,7550,242573,317,113370,355943,430680,,285480,,46800,,98400,,
2021-03-31,13322,255895,1305,114675,370570,430680,,285480,,46800,,98400,,
2021-04-01,16679,272574,2661,117336,389910,476280,,285480,,46800,45600,144000,,
2021-04-02,9837,282411,2088,119424,401835,476280,,285480,,46800,,144000,,
2021-04-03,2990,285401,19,119443,404844,476280,,285480,,46800,,144000,,
2021-04-04,1591,286992,2,119445,406437,476280,,285480,,46800,,144000,,
2021-04-05,,286992,,119445,406437,476280,,285480,,46800,,144000,,
2021-04-06,2450,289442,360,119805,409247,476280,,285480,,46800,,144000,,
2021-04-07,6132,295574,20,119825,415399,517230,40950,326430,,46800,,144000,,
2021-04-08,14712,310286,650,120475,430761,531630,,326430,14400,61200,,144000,,
2021-04-09,18475,328761,1685,122160,450921,531630,,326430,,61200,,144000,,
2021-04-10,9052,337813,129,122289,460102,531630,,326430,,61200,,144000,,
2021-04-11,1609,339422,13,122302,461724,531630,,326430,,61200,,144000,,
2021-04-12,1652,341074,203,122505,463579,577380,40950,367380,,61200,4800,148800,,
2021-04-13,3075,344149,724,123229,467378,577380,,367380,,61200,,148800,,
2021-04-14,7781,351930,3830,127059,478989,584580,,367380,,61200,,148800,7200,7200
2021-04-15,9449,361379,9939,136998,498377,584580,,367380,,61200,,148800,,7200
2021-04-16,8422,369801,5658,142656,512457,584580,,367380,,61200,,148800,,7200
2021-04-17,2507,372308,3637,146293,518601,584580,,367380,,61200,,148800,,7200
2021-04-18,1273,373581,7,146300,519881,584580,,367380,,61200,,148800,,7200
2021-04-19,2325,375906,373,146673,522579,643500,42120,409500,,61200,16800,165600,,7200
2021-04-20,5214,381120,1455,148128,529248,643500,,409500,,61200,,165600,,7200
2021-04-21,7737,388857,9052,157180,546037,643500,,409500,,61200,,165600,,7200
2021-04-22,8130,396987,11773,168953,565940,643500,,409500,,61200,,165600,,7200
2021-04-23,10836,407823,6744,175697,583520,643500,,409500,,61200,,165600,,7200
2021-04-24,2505,410328,425,176122,586450,651900,,409500,8400,69600,,165600,,7200
2021-04-25,659,410987,17,176139,587126,651900,,409500,,69600,,165600,,7200
2021-04-26,379,411366,7,176146,587512,718650,64350,473850,,69600,2400,168000,,7200
2021-04-27,461,411827,5,176151,587978,718650,,473850,,69600,,168000,,7200
2021-04-28,3209,415036,4623,180774,595810,718650,,473850,,69600,,168000,,7200
2021-04-29,5953,420989,12988,193762,614751,728250,,473850,9600,79200,,168000,,7200
2021-04-30,6200,427189,14593,208355,635544,803850,,473850,,79200,69600,237600,6000,13200
2021-05-01,1052,428241,5897,214252,642493,803850,,473850,,79200,,237600,,13200
2021-05-02,1289,429530,2149,216401,645931,803850,,473850,,79200,,237600,,13200
2021-05-03,4692,434222,2799,219200,653422,860010,56160,530010,,79200,,237600,,13200
2021-05-04,7179,441401,2632,221832,663233,860010,,530010,,79200,,237600,,13200
2021-05-05,9746,451147,7665,229497,680644,860010,,530010,,79200,,237600,,13200
2021-05-06,14962,466109,11749,241246,707355,874410,,530010,14400,93600,,237600,,13200
2021-05-07,12921,479030,7732,248978,728008,874410,,530010,,93600,,237600,,13200
2021-05-08,5497,484527,4611,253589,738116,874410,,530010,,93600,,237600,,13200
2021-05-09,1673,486200,119,253708,739908,874410,,530010,,93600,,237600,,13200
2021-05-10,2329,488529,648,254356,742885,932910,58500,588510,,93600,,237600,,13200
2021-05-11,8208,496737,1754,256110,752847,932910,,588510,,93600,,237600,,13200
2021-05-12,15579,512316,3576,259686,772002,947310,,588510,,93600,14400,252000,,13200
2021-05-13,,512316,,259686,772002,947310,,588510,,93600,,252000,,13200
