date,vaccination.administered,vaccination.administered.todate,vaccination.administered2nd,vaccination.administered2nd.todate
2020-12-27,6174,6174,5,5
2020-12-28,1644,7818,,5
2020-12-29,1319,9137,,5
2020-12-30,407,9544,2,7
2020-12-31,1848,11392,,7
2021-01-01,151,11543,,7
2021-01-02,404,11947,,7
2021-01-03,552,12499,,7
2021-01-04,1086,13585,,7
2021-01-05,2459,16044,,7
2021-01-06,5359,21403,1,8
2021-01-07,5470,26873,9,17
2021-01-08,3232,30105,4,21
2021-01-09,254,30359,,21
2021-01-10,1,30360,,21
2021-01-11,478,30838,1,22
2021-01-12,1869,32707,2,24
2021-01-13,4708,37415,8,32
2021-01-14,6724,44139,4,36
2021-01-15,4769,48908,158,194
2021-01-16,323,49231,,194
2021-01-17,4,49235,,194
2021-01-18,62,49297,165,359
2021-01-19,546,49843,1645,2004
2021-01-20,1186,51029,3740,5744
2021-01-21,1283,52312,3479,9223
2021-01-22,1190,53502,990,10213
2021-01-23,229,53731,489,10702
2021-01-24,17,53748,134,10836
2021-01-25,3,53751,5,10841
2021-01-26,80,53831,1733,12574
2021-01-27,262,54093,4807,17381
2021-01-28,523,54616,5757,23138
2021-01-29,550,55166,4026,27164
2021-01-30,11,55177,106,27270
2021-01-31,1,55178,2,27272
2021-02-01,23,55201,44,27316
2021-02-02,21,55222,1095,28411
2021-02-03,190,55412,4633,33044
2021-02-04,613,56025,6826,39870
2021-02-05,365,56390,5315,45185
2021-02-06,28,56418,574,45759
2021-02-07,,56418,,45759
2021-02-08,398,56816,1,45760
2021-02-09,88,56904,31,45791
2021-02-10,2496,59400,734,46525
2021-02-11,6871,66271,1860,48385
2021-02-12,6886,73157,1815,50200
2021-02-13,709,73866,191,50391
2021-02-14,16,73882,16,50407
2021-02-15,76,73958,8,50415
2021-02-16,1041,74999,75,50490
2021-02-17,4918,79917,623,51113
2021-02-18,8302,88219,740,51853
2021-02-19,6129,94348,605,52458
2021-02-20,2518,96866,20,52478
2021-02-21,,96866,,52478
2021-02-22,471,97337,3,52481
2021-02-23,1522,98859,15,52496
2021-02-24,6802,105661,190,52686
2021-02-25,10776,116437,196,52882
2021-02-26,7223,123660,549,53431
2021-02-27,918,124578,11,53442
2021-02-28,,124578,1,53443
2021-03-01,1136,125714,,53443
2021-03-02,2151,127865,11,53454
2021-03-03,6563,134428,902,54356
2021-03-04,6706,141134,4636,58992
2021-03-05,4571,145705,5765,64757
2021-03-06,1361,147066,606,65363
2021-03-07,1,147067,,65363
2021-03-08,1398,148465,398,65761
2021-03-09,3674,152139,501,66262
2021-03-10,4768,156907,4962,71224
2021-03-11,6248,163155,7917,79141
2021-03-12,8464,171619,5176,84317
2021-03-13,6396,178015,2187,86504
2021-03-14,1,178016,,86504
2021-03-15,1332,179348,293,86797
2021-03-16,287,179635,784,87581
2021-03-17,456,180091,5702,93283
2021-03-18,1681,181772,8428,101711
2021-03-19,2985,184757,4537,106248
2021-03-20,4044,188801,181,106429
2021-03-21,1,188802,,106429
2021-03-22,1118,189920,9,106438
2021-03-23,3967,193887,313,106751
2021-03-24,7344,201231,2617,109368
2021-03-25,11885,213116,2564,111932
2021-03-26,13720,226836,2348,114280
2021-03-27,6761,233597,498,114778
2021-03-28,1255,234852,3,114781
2021-03-29,1131,235983,7,114788
2021-03-30,7620,243603,329,115117
2021-03-31,13297,256900,1330,116447
2021-04-01,16760,273660,2693,119140
2021-04-02,10099,283759,2120,121260
2021-04-03,3090,286849,30,121290
2021-04-04,1585,288434,2,121292
2021-04-05,1,288435,,121292
2021-04-06,2465,290900,369,121661
2021-04-07,6128,297028,23,121684
2021-04-08,14724,311752,671,122355
2021-04-09,18507,330259,1706,124061
2021-04-10,9058,339317,134,124195
2021-04-11,1607,340924,22,124217
2021-04-12,1654,342578,204,124421
2021-04-13,3078,345656,783,125204
2021-04-14,7805,353461,3853,129057
2021-04-15,9427,362888,10042,139099
2021-04-16,8389,371277,5740,144839
2021-04-17,2496,373773,3658,148497
2021-04-18,1277,375050,7,148504
2021-04-19,2321,377371,373,148877
2021-04-20,5202,382573,1522,150399
2021-04-21,7692,390265,9142,159541
2021-04-22,8115,398380,11909,171450
2021-04-23,10811,409191,6883,178333
2021-04-24,2464,411655,483,178816
2021-04-25,657,412312,28,178844
2021-04-26,376,412688,8,178852
2021-04-27,451,413139,16,178868
2021-04-28,3171,416310,4840,183708
2021-04-29,5979,422289,13361,197069
2021-04-30,6305,428594,14879,211948
2021-05-01,865,429459,6353,218301
2021-05-02,1287,430746,2153,220454
2021-05-03,5054,435800,2942,223396
2021-05-04,7111,442911,2825,226221
2021-05-05,10106,453017,7952,234173
2021-05-06,15604,468621,12235,246408
2021-05-07,13446,482067,8612,255020
2021-05-08,5467,487534,5286,260306
2021-05-09,1651,489185,136,260442
2021-05-10,2313,491498,1374,261816
2021-05-11,8135,499633,2134,263950
2021-05-12,16454,516087,5866,269816
2021-05-13,19278,535365,9718,279534
2021-05-14,17102,552467,8653,288187
2021-05-15,6832,559299,4298,292485
2021-05-16,183,559482,2951,295436
2021-05-17,3408,562890,5099,300535
2021-05-18,10091,572981,3631,304166
2021-05-19,15609,588590,8027,312193
2021-05-20,23019,611609,7066,319259
2021-05-21,14691,626300,12733,331992
2021-05-22,3416,629716,7592,339584
2021-05-23,1194,630910,1849,341433
2021-05-24,1185,632095,5329,346762
2021-05-25,3642,635737,6956,353718
2021-05-26,7084,642821,15052,368770
2021-05-27,9031,651852,20431,389201
2021-05-28,8317,660169,14149,403350
2021-05-29,3802,663971,6861,410211
2021-05-30,1,663972,1,410212
2021-05-31,2860,666832,4044,414256
2021-06-01,4577,671409,11729,425985
2021-06-02,15107,686516,14381,440366
2021-06-03,17354,703870,19702,460068
2021-06-04,10363,714233,20565,480633
2021-06-05,6374,720607,6762,487395
2021-06-06,3821,724428,2541,489936
2021-06-07,2971,727399,4424,494360
2021-06-08,7140,734539,7549,501909
2021-06-09,9162,743701,13900,515809
2021-06-10,15287,758988,17488,533297
2021-06-11,7513,766501,17143,550440
2021-06-12,4308,770809,6580,557020
2021-06-13,2415,773224,707,557727
2021-06-14,2579,775803,3879,561606
2021-06-15,5371,781174,4813,566419
2021-06-16,6842,788016,10351,576770
2021-06-17,7218,795234,13682,590452
2021-06-18,4656,799890,9722,600174
2021-06-19,1208,801098,1290,601464
2021-06-20,84,801182,1389,602853
2021-06-21,1631,802813,4017,606870
2021-06-22,2866,805679,7624,614494
2021-06-23,4750,810429,15112,629606
2021-06-24,4909,815338,20848,650454
2021-06-25,10,815348,58,650512
2021-06-26,408,815756,3677,654189
2021-06-27,9,815765,11,654200
2021-06-28,1225,816990,5006,659206
2021-06-29,1820,818810,9808,669014
2021-06-30,3562,822372,10849,679863
2021-07-01,3518,825890,16074,695937
2021-07-02,3691,829581,10661,706598
2021-07-03,401,829982,1139,707737
2021-07-04,,829982,15,707752
2021-07-05,1368,831350,5283,713035
2021-07-06,2144,833494,6353,719388
2021-07-07,4255,837749,8696,728084
2021-07-08,5478,843227,10816,738900
2021-07-09,4126,847353,7980,746880
2021-07-10,680,848033,581,747461
2021-07-11,189,848222,132,747593
2021-07-12,2763,850985,3655,751248
2021-07-13,2718,853703,4002,755250
2021-07-14,5509,859212,5842,761092
2021-07-15,6527,865739,8018,769110
2021-07-16,5587,871326,5388,774498
2021-07-17,1193,872519,930,775428
2021-07-18,28,872547,10,775438
2021-07-19,2854,875401,2754,778192
2021-07-20,3100,878501,2989,781181
2021-07-21,5653,884154,5040,786221
2021-07-22,5917,890071,5890,792111
2021-07-23,5326,895397,4806,796917
2021-07-24,980,896377,657,797574
2021-07-25,8,896385,12,797586
2021-07-26,3095,899480,2416,800002
2021-07-27,4516,903996,2618,802620
2021-07-28,4831,908827,4778,807398
2021-07-29,5337,914164,5851,813249
2021-07-30,3684,917848,4897,818146
2021-07-31,1250,919098,1043,819189
2021-08-01,8,919106,8,819197
2021-08-02,2410,921516,2742,821939
2021-08-03,3333,924849,2459,824398
2021-08-04,3905,928754,4700,829098
2021-08-05,4458,933212,5909,835007
2021-08-06,2975,936187,4971,839978
2021-08-07,573,936760,409,840387
2021-08-08,366,937126,147,840534
2021-08-09,2068,939194,2125,842659
2021-08-10,2486,941680,2640,845299
2021-08-11,3182,944862,3999,849298
2021-08-12,3650,948512,5890,855188
2021-08-13,2962,951474,4943,860131
2021-08-14,406,951880,389,860520
2021-08-15,65,951945,36,860556
2021-08-16,2650,954595,2995,863551
2021-08-17,3265,957860,3553,867104
2021-08-18,3793,961653,4203,871307
2021-08-19,3994,965647,5418,876725
2021-08-20,3403,969050,4300,881025
2021-08-21,489,969539,499,881524
2021-08-22,2,969541,2,881526
2021-08-23,2317,971858,2487,884013
2021-08-24,3334,975192,3260,887273
2021-08-25,3654,978846,3779,891052
2021-08-26,4506,983352,4927,895979
2021-08-27,3329,986681,4003,899982
2021-08-28,661,987342,508,900490
2021-08-29,47,987389,24,900514
2021-08-30,2380,989769,2230,902744
2021-08-31,2762,992531,2400,905144
2021-09-01,2716,995247,2805,907949
2021-09-02,3551,998798,4511,912460
2021-09-03,3144,1001942,3347,915807
2021-09-04,262,1002204,189,915996
2021-09-05,,1002204,,915996
2021-09-06,,1002204,,915996
