date,vaccination.administered,vaccination.administered.todate,vaccination.administered2nd,vaccination.administered2nd.todate,vaccination.administered3rd,vaccination.administered3rd.todate
2020-12-27,6199,6199,,,,
2020-12-28,1686,7885,,,,
2020-12-29,1326,9211,,,,
2020-12-30,422,9633,,,,
2020-12-31,1858,11491,,,,
2021-01-01,151,11642,,,,
2021-01-02,404,12046,,,,
2021-01-03,556,12602,1,1,,
2021-01-04,1091,13693,,1,,
2021-01-05,2546,16239,,1,,
2021-01-06,5392,21631,1,2,,
2021-01-07,5477,27108,,2,,
2021-01-08,3265,30373,1,3,,
2021-01-09,254,30627,,3,,
2021-01-10,1,30628,,3,,
2021-01-11,484,31112,,3,,
2021-01-12,1883,32995,,3,,
2021-01-13,4737,37732,2,5,,
2021-01-14,6747,44479,1,6,,
2021-01-15,4743,49222,148,154,,
2021-01-16,325,49547,,154,,
2021-01-17,3,49550,1,155,,
2021-01-18,43,49593,166,321,,
2021-01-19,544,50137,1647,1968,,
2021-01-20,1191,51328,3808,5776,,
2021-01-21,1288,52616,3491,9267,,
2021-01-22,1188,53804,996,10263,,
2021-01-23,231,54035,490,10753,,
2021-01-24,17,54052,135,10888,,
2021-01-25,3,54055,5,10893,,
2021-01-26,81,54136,1754,12647,,
2021-01-27,265,54401,4858,17505,,
2021-01-28,523,54924,5809,23314,,
2021-01-29,548,55472,4054,27368,,
2021-01-30,11,55483,106,27474,,
2021-01-31,1,55484,2,27476,,
2021-02-01,23,55507,44,27520,,
2021-02-02,19,55526,1100,28620,,
2021-02-03,185,55711,4674,33294,,
2021-02-04,610,56321,6852,40146,,
2021-02-05,363,56684,5334,45480,,
2021-02-06,28,56712,575,46055,,
2021-02-07,,56712,,46055,,
2021-02-08,399,57111,1,46056,,
2021-02-09,88,57199,32,46088,,
2021-02-10,2494,59693,727,46815,,
2021-02-11,6914,66607,1871,48686,,
2021-02-12,6930,73537,1808,50494,,
2021-02-13,711,74248,191,50685,,
2021-02-14,17,74265,16,50701,,
2021-02-15,76,74341,8,50709,,
2021-02-16,1055,75396,77,50786,,
2021-02-17,4948,80344,632,51418,,
2021-02-18,8332,88676,770,52188,,
2021-02-19,6176,94852,608,52796,,
2021-02-20,2525,97377,18,52814,,
2021-02-21,,97377,1,52815,,
2021-02-22,475,97852,4,52819,,
2021-02-23,1524,99376,12,52831,,
2021-02-24,6821,106197,190,53021,,
2021-02-25,10803,117000,191,53212,,
2021-02-26,7265,124265,549,53761,,
2021-02-27,920,125185,11,53772,,
2021-02-28,,125185,,53772,,
2021-03-01,1139,126324,,53772,,
2021-03-02,2180,128504,11,53783,,
2021-03-03,6582,135086,903,54686,,
2021-03-04,6736,141822,4666,59352,,
2021-03-05,4599,146421,5780,65132,,
2021-03-06,1364,147785,596,65728,,
2021-03-07,2,147787,,65728,,
2021-03-08,1411,149198,396,66124,,
2021-03-09,3694,152892,500,66624,,
2021-03-10,4793,157685,4976,71600,,
2021-03-11,6270,163955,7934,79534,,
2021-03-12,8484,172439,5182,84716,,
2021-03-13,6443,178882,2261,86977,,
2021-03-14,1,178883,,86977,,
2021-03-15,1342,180225,293,87270,,
2021-03-16,279,180504,785,88055,,
2021-03-17,452,180956,5714,93769,,
2021-03-18,1679,182635,8438,102207,,
2021-03-19,2982,185617,4531,106738,,
2021-03-20,4066,189683,181,106919,,
2021-03-21,1,189684,1,106920,,
2021-03-22,1129,190813,9,106929,,
2021-03-23,4001,194814,316,107245,,
2021-03-24,7377,202191,2632,109877,,
2021-03-25,11932,214123,2563,112440,,
2021-03-26,13795,227918,2353,114793,,
2021-03-27,6807,234725,497,115290,,
2021-03-28,1258,235983,3,115293,,
2021-03-29,1130,237113,7,115300,,
2021-03-30,7736,244849,324,115624,,
2021-03-31,13437,258286,1331,116955,,
2021-04-01,16802,275088,2691,119646,,
2021-04-02,10140,285228,2125,121771,,
2021-04-03,3102,288330,29,121800,,
2021-04-04,1594,289924,2,121802,,
2021-04-05,1,289925,,121802,,
2021-04-06,2470,292395,369,122171,,
2021-04-07,6150,298545,21,122192,,
2021-04-08,14759,313304,658,122850,,
2021-04-09,18564,331868,1701,124551,,
2021-04-10,9082,340950,131,124682,,
2021-04-11,1629,342579,13,124695,,
2021-04-12,1659,344238,206,124901,,
2021-04-13,3093,347331,785,125686,,
2021-04-14,7841,355172,3863,129549,,
2021-04-15,9497,364669,10065,139614,,
2021-04-16,8408,373077,5741,145355,,
2021-04-17,2507,375584,3653,149008,,
2021-04-18,1279,376863,7,149015,,
2021-04-19,2336,379199,374,149389,,
2021-04-20,5222,384421,1474,150863,,
2021-04-21,7747,392168,9153,160016,,
2021-04-22,8147,400315,11922,171938,,
2021-04-23,10891,411206,6826,178764,,
2021-04-24,2491,413697,463,179227,,
2021-04-25,658,414355,20,179247,,
2021-04-26,379,414734,8,179255,,
2021-04-27,461,415195,8,179263,,
2021-04-28,3195,418390,4814,184077,,
2021-04-29,6024,424414,13382,197459,,
2021-04-30,6356,430770,14885,212344,,
2021-05-01,873,431643,6366,218710,,
2021-05-02,1292,432935,2161,220871,,
2021-05-03,5106,438041,2946,223817,,
2021-05-04,7184,445225,2813,226630,,
2021-05-05,10188,455413,7974,234604,,
2021-05-06,15699,471112,12297,246901,,
2021-05-07,13597,484709,8627,255528,,
2021-05-08,5537,490246,5292,260820,,
2021-05-09,1655,491901,137,260957,,
2021-05-10,2332,494233,1383,262340,,
2021-05-11,8280,502513,2143,264483,,
2021-05-12,16620,519133,5872,270355,,
2021-05-13,19543,538676,9780,280135,,
2021-05-14,17452,556128,8724,288859,,
2021-05-15,6939,563067,4346,293205,,
2021-05-16,183,563250,2956,296161,,
2021-05-17,3560,566810,5129,301290,,
2021-05-18,10368,577178,3645,304935,,
2021-05-19,15945,593123,8062,312997,,
2021-05-20,23639,616762,7101,320098,,
2021-05-21,15101,631863,12852,332950,,
2021-05-22,3485,635348,7565,340515,,
2021-05-23,1216,636564,1858,342373,,
2021-05-24,1209,637773,5352,347725,,
2021-05-25,3744,641517,7033,354758,,
2021-05-26,7280,648797,15168,369926,,
2021-05-27,9287,658084,20575,390501,,
2021-05-28,8563,666647,14222,404723,,
2021-05-29,3875,670522,6902,411625,,
2021-05-30,1,670523,2,411627,,
2021-05-31,3001,673524,4089,415716,,
2021-06-01,4753,678277,11883,427599,,
2021-06-02,15926,694203,14579,442178,,
2021-06-03,18340,712543,19989,462167,,
2021-06-04,11172,723715,21050,483217,,
2021-06-05,6648,730363,6918,490135,,
2021-06-06,4066,734429,2732,492867,,
2021-06-07,3093,737522,4445,497312,,
2021-06-08,7513,745035,7836,505148,,
2021-06-09,9804,754839,14115,519263,,
2021-06-10,16228,771067,17784,537047,,
2021-06-11,7826,778893,17438,554485,,
2021-06-12,4692,783585,6697,561182,,
2021-06-13,2628,786213,709,561891,,
2021-06-14,2941,789154,3939,565830,,
2021-06-15,5699,794853,4968,570798,,
2021-06-16,7294,802147,10662,581460,,
2021-06-17,7753,809900,14244,595704,,
2021-06-18,4927,814827,9997,605701,,
2021-06-19,1338,816165,1339,607040,,
2021-06-20,90,816255,1413,608453,,
2021-06-21,1751,818006,4126,612579,,
2021-06-22,3086,821092,7820,620399,,
2021-06-23,4978,826070,15866,636265,,
2021-06-24,5134,831204,21710,657975,,
2021-06-25,10,831214,59,658034,,
2021-06-26,438,831652,3757,661791,,
2021-06-27,10,831662,11,661802,,
2021-06-28,1309,832971,5193,666995,,
2021-06-29,1954,834925,10340,677335,,
2021-06-30,3758,838683,11335,688670,,
2021-07-01,3703,842386,16900,705570,1,1
2021-07-02,3884,846270,11312,716882,2,3
2021-07-03,423,846693,1206,718088,,3
2021-07-04,,846693,18,718106,,3
2021-07-05,1451,848144,5532,723638,,3
2021-07-06,2247,850391,6715,730353,1,4
2021-07-07,4497,854888,9207,739560,2,6
2021-07-08,5723,860611,11365,750925,3,9
2021-07-09,4311,864922,8185,759110,23,32
2021-07-10,726,865648,621,759731,1,33
2021-07-11,217,865865,138,759869,1,34
2021-07-12,3011,868876,4072,763941,1,35
2021-07-13,3078,871954,4361,768302,1,36
2021-07-14,6257,878211,6519,774821,,36
2021-07-15,7545,885756,8960,783781,4,40
2021-07-16,6329,892085,5975,789756,1,41
2021-07-17,1381,893466,1082,790838,,41
2021-07-18,28,893494,9,790847,,41
2021-07-19,3169,896663,2995,793842,2,43
2021-07-20,3470,900133,3368,797210,1,44
2021-07-21,6172,906305,5497,802707,3,47
2021-07-22,6437,912742,6319,809026,2,49
2021-07-23,5871,918613,5275,814301,,49
2021-07-24,1113,919726,751,815052,,49
2021-07-25,8,919734,17,815069,,49
2021-07-26,3336,923070,2630,817699,1,50
2021-07-27,4861,927931,2895,820594,,50
2021-07-28,5219,933150,5134,825728,12,62
2021-07-29,5652,938802,6239,831967,3,65
2021-07-30,4109,942911,5276,837243,5,70
2021-07-31,1442,944353,1222,838465,1,71
2021-08-01,8,944361,9,838474,,71
2021-08-02,2634,946995,2976,841450,2,73
2021-08-03,3727,950722,2714,844164,1,74
2021-08-04,4135,954857,4998,849162,2,76
2021-08-05,4819,959676,6290,855452,5,81
2021-08-06,3199,962875,5395,860847,3,84
2021-08-07,658,963533,483,861330,2,86
2021-08-08,386,963919,159,861489,,86
2021-08-09,2197,966116,2311,863800,,86
2021-08-10,2675,968791,2856,866656,,86
2021-08-11,3397,972188,4232,870888,6,92
2021-08-12,3906,976094,6268,877156,3,95
2021-08-13,3256,979350,5374,882530,2,97
2021-08-14,472,979822,453,882983,,97
2021-08-15,67,979889,39,883022,,97
2021-08-16,2840,982729,3210,886232,12,109
2021-08-17,3514,986243,3765,889997,,109
2021-08-18,4026,990269,4445,894442,6,115
2021-08-19,4288,994557,5727,900169,7,122
2021-08-20,3716,998273,4651,904820,6,128
2021-08-21,557,998830,561,905381,,128
2021-08-22,2,998832,2,905383,,128
2021-08-23,2495,1001327,2686,908069,9,137
2021-08-24,3641,1004968,3647,911716,7,144
2021-08-25,3846,1008814,3962,915678,16,160
2021-08-26,4817,1013631,5290,920968,12,172
2021-08-27,3581,1017212,4268,925236,19,191
2021-08-28,739,1017951,570,925806,1,192
2021-08-29,48,1017999,25,925831,,192
2021-08-30,2567,1020566,2367,928198,14,206
2021-08-31,3031,1023597,2637,930835,9,215
2021-09-01,2900,1026497,2983,933818,26,241
2021-09-02,3874,1030371,4852,938670,28,269
2021-09-03,3489,1033860,3645,942315,33,302
2021-09-04,443,1034303,310,942625,5,307
2021-09-05,,1034303,,942625,,307
2021-09-06,2628,1036931,2423,945048,40,347
2021-09-07,4560,1041491,3464,948512,224,571
2021-09-08,4908,1046399,4195,952707,482,1053
2021-09-09,6390,1052789,5441,958148,1038,2091
2021-09-10,5203,1057992,4587,962735,652,2743
2021-09-11,1182,1059174,741,963476,233,2976
2021-09-12,1,1059175,1,963477,,2976
2021-09-13,6842,1066017,3580,967057,430,3406
2021-09-14,12499,1078516,5600,972657,969,4375
2021-09-15,12336,1090852,6317,978974,1175,5550
2021-09-16,14886,1105738,9228,988202,2064,7614
2021-09-17,11603,1117341,7157,995359,1971,9585
2021-09-18,6344,1123685,2306,997665,609,10194
2021-09-19,2700,1126385,753,998418,315,10509
2021-09-20,4954,1131339,2600,1001018,858,11367
2021-09-21,4864,1136203,2584,1003602,1369,12736
2021-09-22,4305,1140508,2965,1006567,1436,14172
2021-09-23,6174,1146682,5643,1012210,1893,16065
2021-09-24,5834,1152516,5532,1017742,1436,17501
2021-09-25,1219,1153735,987,1018729,288,17789
2021-09-26,508,1154243,451,1019180,38,17827
2021-09-27,2782,1157025,2848,1022028,544,18371
2021-09-28,3851,1160876,3968,1025996,1010,19381
2021-09-29,2364,1163240,3356,1029352,1813,21194
2021-09-30,2537,1165777,4867,1034219,1170,22364
2021-10-01,1681,1167458,4095,1038314,1035,23399
2021-10-02,371,1167829,518,1038832,183,23582
2021-10-03,25,1167854,20,1038852,,23582
2021-10-04,1005,1168859,3646,1042498,356,23938
2021-10-05,1254,1170113,5890,1048388,438,24376
2021-10-06,1256,1171369,6390,1054778,722,25098
2021-10-07,1547,1172916,10079,1064857,1277,26375
2021-10-08,1026,1173942,8200,1073057,815,27190
2021-10-09,247,1174189,1425,1074482,93,27283
2021-10-10,38,1174227,208,1074690,8,27291
2021-10-11,705,1174932,4525,1079215,366,27657
2021-10-12,1068,1176000,4452,1083667,709,28366
2021-10-13,846,1176846,3936,1087603,943,29309
2021-10-14,1043,1177889,5749,1093352,1465,30774
2021-10-15,891,1178780,3870,1097222,1182,31956
2021-10-16,148,1178928,281,1097503,29,31985
2021-10-17,10,1178938,29,1097532,,31985
2021-10-18,667,1179605,1919,1099451,592,32577
2021-10-19,726,1180331,2133,1101584,836,33413
2021-10-20,818,1181149,2155,1103739,1184,34597
2021-10-21,1155,1182304,3375,1107114,2236,36833
2021-10-22,886,1183190,2201,1109315,2363,39196
2021-10-23,147,1183337,209,1109524,69,39265
2021-10-24,,1183337,,1109524,,39265
2021-10-25,829,1184166,1054,1110578,874,40139
2021-10-26,1066,1185232,1541,1112119,1325,41464
2021-10-27,890,1186122,1163,1113282,1896,43360
2021-10-28,1640,1187762,2129,1115411,3700,47060
2021-10-29,1007,1188769,1164,1116575,2059,49119
2021-10-30,212,1188981,133,1116708,191,49310
2021-10-31,,1188981,,1116708,4,49314
2021-11-01,,1188981,,1116708,,49314
2021-11-02,1425,1190406,1401,1118109,2623,51937
2021-11-03,1195,1191601,1125,1119234,7210,59147
2021-11-04,2002,1193603,1698,1120932,13220,72367
2021-11-05,1774,1195377,1305,1122237,12249,84616
2021-11-06,735,1196112,281,1122518,4179,88795
2021-11-07,248,1196360,128,1122646,1663,90458
2021-11-08,1818,1198178,932,1123578,9396,99854
2021-11-09,2102,1200280,972,1124550,11525,111379
2021-11-10,2020,1202300,1244,1125794,15382,126761
2021-11-11,2721,1205021,1722,1127516,18878,145639
2021-11-12,2517,1207538,1557,1129073,17665,163304
2021-11-13,1134,1208672,385,1129458,5122,168426
2021-11-14,235,1208907,72,1129530,1070,169496
2021-11-15,2028,1210935,894,1130424,8578,178074
2021-11-16,2543,1213478,1099,1131523,13490,191564
2021-11-17,2338,1215816,1365,1132888,13117,204681
2021-11-18,2705,1218521,1956,1134844,15530,220211
2021-11-19,2245,1220766,1638,1136482,12064,232275
2021-11-20,964,1221730,397,1136879,4021,236296
2021-11-21,221,1221951,90,1136969,928,237224
2021-11-22,1218,1223169,475,1137444,5846,243070
2021-11-23,1588,1224757,1321,1138765,7280,250350
2021-11-24,1478,1226235,1401,1140166,10759,261109
2021-11-25,1564,1227799,2127,1142293,11992,273101
2021-11-26,1407,1229206,2014,1144307,9657,282758
2021-11-27,610,1229816,585,1144892,3052,285810
2021-11-28,75,1229891,79,1144971,354,286164
2021-11-29,922,1230813,1602,1146573,4865,291029
2021-11-30,1147,1231960,1718,1148291,6144,297173
2021-12-01,921,1232881,1940,1150231,8183,305356
2021-12-02,1070,1233951,2840,1153071,8571,313927
2021-12-03,998,1234949,2657,1155728,6921,320848
2021-12-04,252,1235201,525,1156253,1409,322257
2021-12-05,77,1235278,144,1156397,198,322455
2021-12-06,623,1235901,1893,1158290,3781,326236
2021-12-07,685,1236586,1998,1160288,4621,330857
2021-12-08,703,1237289,2298,1162586,5782,336639
2021-12-09,763,1238052,2861,1165447,6207,342846
2021-12-10,579,1238631,2818,1168265,5361,348207
2021-12-11,140,1238771,532,1168797,946,349153
2021-12-12,21,1238792,84,1168881,131,349284
2021-12-13,440,1239232,1317,1170198,3057,352341
2021-12-14,521,1239753,1368,1171566,4519,356860
2021-12-15,695,1240448,1709,1173275,6827,363687
2021-12-16,795,1241243,1931,1175206,7482,371169
2021-12-17,662,1241905,1788,1176994,6173,377342
2021-12-18,179,1242084,314,1177308,1229,378571
2021-12-19,525,1242609,568,1177876,6862,385433
2021-12-20,1140,1243749,1620,1179496,13285,398718
2021-12-21,1238,1244987,1688,1181184,13924,412642
2021-12-22,1411,1246398,1701,1182885,15320,427962
2021-12-23,1622,1248020,2001,1184886,15582,443544
2021-12-24,275,1248295,557,1185443,2586,446130
2021-12-25,,1248295,,1185443,,446130
2021-12-26,28,1248323,34,1185477,190,446320
2021-12-27,464,1248787,819,1186296,4929,451249
2021-12-28,605,1249392,1140,1187436,5881,457130
2021-12-29,440,1249832,847,1188283,4876,462006
2021-12-30,609,1250441,796,1189079,4290,466296
2021-12-31,103,1250544,189,1189268,976,467272
2022-01-01,,1250544,,1189268,1,467273
2022-01-02,11,1250555,17,1189285,99,467372
2022-01-03,445,1251000,858,1190143,4181,471553
2022-01-04,575,1251575,862,1191005,6028,477581
2022-01-05,718,1252293,1156,1192161,8819,486400
2022-01-06,924,1253217,1346,1193507,10114,496514
2022-01-07,616,1253833,1245,1194752,9056,505570
2022-01-08,111,1253944,202,1194954,1120,506690
2022-01-09,20,1253964,49,1195003,283,506973
2022-01-10,382,1254346,988,1195991,4973,511946
2022-01-11,541,1254887,1144,1197135,5479,517425
2022-01-12,489,1255376,1138,1198273,5843,523268
2022-01-13,1006,1256382,2184,1200457,13178,536446
2022-01-14,859,1257241,1766,1202223,13407,549853
2022-01-15,574,1257815,786,1203009,8294,558147
2022-01-16,14,1257829,29,1203038,147,558294
2022-01-17,227,1258056,390,1203428,1992,560286
2022-01-18,359,1258415,675,1204103,2732,563018
2022-01-19,348,1258763,697,1204800,3260,566278
2022-01-20,431,1259194,862,1205662,3551,569829
2022-01-21,379,1259573,642,1206304,4097,573926
2022-01-22,55,1259628,83,1206387,486,574412
2022-01-23,9,1259637,11,1206398,78,574490
2022-01-24,152,1259789,337,1206735,1669,576159
2022-01-25,275,1260064,510,1207245,2043,578202
2022-01-26,284,1260348,683,1207928,2842,581044
2022-01-27,314,1260662,773,1208701,3489,584533
2022-01-28,290,1260952,863,1209564,3505,588038
2022-01-29,38,1260990,92,1209656,534,588572
2022-01-30,7,1260997,28,1209684,97,588669
2022-01-31,122,1261119,397,1210081,2117,590786
2022-02-01,181,1261300,602,1210683,2713,593499
2022-02-02,230,1261530,791,1211474,3518,597017
2022-02-03,246,1261776,839,1212313,4293,601310
2022-02-04,239,1262015,798,1213111,3522,604832
2022-02-05,48,1262063,147,1213258,717,605549
2022-02-06,3,1262066,12,1213270,48,605597
2022-02-07,130,1262196,352,1213622,1591,607188
2022-02-08,1,1262197,5,1213627,24,607212
2022-02-09,222,1262419,677,1214304,2212,609424
2022-02-10,252,1262671,807,1215111,3399,612823
2022-02-11,193,1262864,567,1215678,2589,615412
2022-02-12,24,1262888,78,1215756,394,615806
2022-02-13,2,1262890,9,1215765,40,615846
2022-02-14,107,1262997,247,1216012,1255,617101
2022-02-15,158,1263155,336,1216348,1430,618531
2022-02-16,137,1263292,378,1216726,1445,619976
2022-02-17,141,1263433,368,1217094,1790,621766
2022-02-18,144,1263577,352,1217446,1819,623585
2022-02-19,18,1263595,39,1217485,251,623836
2022-02-20,4,1263599,2,1217487,17,623853
2022-02-21,35,1263634,84,1217571,558,624411
2022-02-22,38,1263672,106,1217677,483,624894
2022-02-23,50,1263722,182,1217859,883,625777
2022-02-24,61,1263783,192,1218051,859,626636
2022-02-25,76,1263859,190,1218241,952,627588
2022-02-26,5,1263864,5,1218246,69,627657
2022-02-27,,1263864,6,1218252,13,627670
2022-02-28,24,1263888,56,1218308,329,627999
2022-03-01,22,1263910,85,1218393,233,628232
2022-03-02,63,1263973,123,1218516,678,628910
2022-03-03,48,1264021,141,1218657,587,629497
2022-03-04,44,1264065,129,1218786,678,630175
2022-03-05,2,1264067,11,1218797,56,630231
2022-03-06,,1264067,1,1218798,10,630241
2022-03-07,12,1264079,56,1218854,270,630511
2022-03-08,17,1264096,134,1218988,270,630781
2022-03-09,46,1264142,129,1219117,662,631443
2022-03-10,43,1264185,135,1219252,438,631881
2022-03-11,39,1264224,90,1219342,683,632564
2022-03-12,1,1264225,12,1219354,59,632623
2022-03-13,,1264225,1,1219355,10,632633
2022-03-14,18,1264243,37,1219392,257,632890
2022-03-15,34,1264277,70,1219462,461,633351
2022-03-16,34,1264311,96,1219558,705,634056
2022-03-17,51,1264362,81,1219639,734,634790
2022-03-18,47,1264409,78,1219717,792,635582
2022-03-19,4,1264413,3,1219720,46,635628
2022-03-20,1,1264414,4,1219724,16,635644
2022-03-21,12,1264426,47,1219771,333,635977
2022-03-22,24,1264450,56,1219827,446,636423
2022-03-23,53,1264503,91,1219918,858,637281
