Date,downloads.Android,downloads.Android.todate,downloads.iOS,downloads.iOS.todate,downloads.todate,TAN.issued,TAN.issued.todate,TAN.users,TAN.users.todate
2020-08-17,4956,4956,,0,4956,,0,,0
2020-08-18,18272,23228,,0,23228,,0,,0
2020-08-19,5296,28524,,0,28524,,0,0,0
2020-08-20,4568,33092,,0,33092,,0,0,0
2020-08-21,2446,35538,,0,35538,,0,0,0
2020-08-22,1813,37351,,0,37351,,0,0,0
2020-08-23,1740,39091,,0,39091,,0,0,0
2020-08-24,1985,41076,,0,41076,,0,0,0
2020-08-25,2601,43677,,0,43677,,0,0,0
2020-08-26,1435,45112,,0,45112,,0,0,0
2020-08-27,1115,46227,,0,46227,,0,1,1
2020-08-28,818,47045,,0,47045,,0,0,1
2020-08-29,746,47791,,0,47791,,0,0,1
2020-08-30,1077,48868,,0,48868,,0,0,1
2020-08-31,721,49589,,0,49589,,0,1,2
2020-09-01,1761,51350,345,345,51695,,0,2,4
2020-09-02,1783,53133,1222,1567,54700,,0,1,5
2020-09-03,1497,54630,480,2047,56677,,0,1,6
2020-09-04,1273,55903,442,2489,58392,,0,0,6
2020-09-05,770,56673,207,2696,59369,,0,2,8
2020-09-06,770,57443,186,2882,60325,,0,0,8
2020-09-07,1079,58522,159,3041,61563,,0,0,8
2020-09-08,801,59323,153,3194,62517,,0,3,11
2020-09-09,1133,60456,199,3393,63849,,0,0,11
2020-09-10,13616,74072,1496,4889,78961,,0,1,12
2020-09-11,5139,79211,893,5782,84993,,0,4,16
2020-09-12,5070,84281,520,6302,90583,,0,1,17
2020-09-13,4271,88552,492,6794,95346,,0,3,20
2020-09-14,2745,91297,353,7147,98444,,0,4,24
2020-09-15,1675,92972,178,7325,100297,,0,4,28
2020-09-16,2088,95060,212,7537,102597,,0,4,32
2020-09-17,1102,96162,150,7687,103849,,0,5,37
2020-09-18,829,96991,131,7818,104809,,0,3,40
2020-09-19,574,97565,91,7909,105474,,0,1,41
2020-09-20,592,98157,92,8001,106158,,0,5,46
2020-09-21,522,98679,84,8085,106764,,0,2,48
2020-09-22,672,99351,92,8177,107528,,0,2,50
2020-09-23,502,99853,88,8265,108118,,0,8,58
2020-09-24,648,100501,77,8342,108843,,0,3,61
2020-09-25,953,101454,103,8445,109899,14,14,7,68
2020-09-26,649,102103,109,8554,110657,4,18,2,70
2020-09-27,535,102638,79,8633,111271,14,32,7,77
2020-09-28,614,103252,82,8715,111967,9,41,3,80
2020-09-29,466,103718,60,8775,112493,12,53,5,85
2020-09-30,676,104394,80,8855,113249,14,67,11,96
2020-10-01,513,104907,72,8927,113834,22,89,17,113
2020-10-02,649,105556,98,9025,114581,23,112,10,123
2020-10-03,445,106001,78,9103,115104,37,149,18,141
2020-10-04,441,106442,56,9159,115601,11,160,10,151
2020-10-05,461,106903,42,9201,116104,14,174,5,156
2020-10-06,1308,108211,127,9328,117539,16,190,7,163
2020-10-07,1729,109940,207,9535,119475,21,211,11,174
2020-10-08,2059,111999,179,9714,121713,41,252,16,190
2020-10-09,2315,114314,293,10007,124321,61,313,27,217
2020-10-10,1029,115343,141,10148,125491,41,354,25,242
2020-10-11,3453,118796,360,10508,129304,38,392,14,256
2020-10-12,1804,120600,256,10764,131364,44,436,20,276
2020-10-13,2761,123361,273,11037,134398,50,486,26,302
2020-10-14,5777,129138,543,11580,140718,60,546,30,332
2020-10-15,2941,132079,482,12062,144141,79,625,47,379
2020-10-16,2521,134600,250,12312,146912,74,699,41,420
2020-10-17,1796,136396,194,12506,148902,146,845,79,499
2020-10-18,3187,139583,299,12805,152388,172,1017,71,570
2020-10-19,11642,151225,1288,14093,165318,152,1169,62,632
2020-10-20,3212,154437,578,14671,169108,169,1338,104,736
2020-10-21,3311,157748,324,14995,172743,187,1525,103,839
2020-10-22,3264,161012,324,15319,176331,221,1746,109,948
2020-10-23,1771,162783,211,15530,178313,223,1969,111,1059
2020-10-24,1534,164317,198,15728,180045,182,2151,118,1177
2020-10-25,1440,165757,175,15903,181660,166,2317,102,1279
2020-10-26,1372,167129,199,16102,183231,177,2494,102,1381
2020-10-27,1241,168370,183,16285,184655,203,2697,107,1488
2020-10-28,1444,169814,173,16458,186272,247,2944,133,1621
2020-10-29,1877,171691,184,16642,188333,211,3155,126,1747
2020-10-30,925,172616,192,16834,189450,172,3327,101,1848
2020-10-31,511,173127,93,16927,190054,274,3601,173,2021
2020-11-01,557,173684,79,17006,190690,184,3785,101,2122
2020-11-02,704,174388,85,17091,191479,209,3994,118,2240
2020-11-03,487,174875,63,17154,192029,209,4203,97,2337
2020-11-04,412,175287,74,17228,192515,220,4423,116,2453
2020-11-05,333,175620,57,17285,192905,186,4609,105,2558
2020-11-06,268,175888,58,17343,193231,173,4782,99,2657
2020-11-07,221,176109,50,17393,193502,172,4954,99,2756
2020-11-08,171,176280,33,17426,193706,202,5156,108,2864
2020-11-09,238,176518,46,17472,193990,77,5233,37,2901
2020-11-10,266,176784,53,17525,194309,220,5453,112,3013
2020-11-11,390,177174,70,17595,194769,245,5698,132,3145
2020-11-12,298,177472,59,17654,195126,182,5880,101,3246
2020-11-13,337,177809,74,17728,195537,179,6059,94,3340
2020-11-14,405,178214,62,17790,196004,182,6241,88,3428
2020-11-15,350,178564,46,17836,196400,96,6337,52,3480
2020-11-16,336,178900,45,17881,196781,109,6446,62,3542
2020-11-17,382,179282,85,17966,197248,164,6610,115,3657
2020-11-18,366,179648,83,18049,197697,165,6775,100,3757
2020-11-19,421,180069,67,18116,198185,172,6947,116,3873
2020-11-20,448,180517,57,18173,198690,146,7093,83,3956
2020-11-21,298,180815,63,18236,199051,126,7219,89,4045
2020-11-22,385,181200,48,18284,199484,79,7298,49,4094
2020-11-23,282,181482,37,18321,199803,79,7377,41,4135
2020-11-24,273,181755,49,18370,200125,141,7518,105,4240
2020-11-25,274,182029,51,18421,200450,188,7706,122,4362
2020-11-26,285,182314,55,18476,200790,132,7838,85,4447
2020-11-27,274,182588,60,18536,201124,140,7978,98,4545
2020-11-28,195,182783,38,18574,201357,86,8064,56,4601
2020-11-29,251,183034,37,18611,201645,68,8132,43,4644
2020-11-30,244,183278,45,18656,201934,68,8200,41,4685
2020-12-01,155,183433,27,18683,202116,147,8347,102,4787
2020-12-02,140,183573,35,18718,202291,150,8497,99,4886
2020-12-03,112,183685,27,18745,202430,129,8626,92,4978
2020-12-04,115,183800,46,18791,202591,112,8738,76,5054
2020-12-05,97,183897,47,18838,202735,111,8849,79,5133
2020-12-06,133,184030,26,18864,202894,87,8936,61,5194
2020-12-07,126,184156,38,18902,203058,64,9000,35,5229
2020-12-08,131,184287,41,18943,203230,123,9123,76,5305
2020-12-09,123,184410,50,18993,203403,155,9278,95,5400
2020-12-10,112,184522,45,19038,203560,103,9381,63,5463
2020-12-11,124,184646,47,19085,203731,90,9471,61,5524
2020-12-12,123,184769,36,19121,203890,88,9559,70,5594
2020-12-13,10322,195091,486,19607,214698,81,9640,59,5653
2020-12-14,41506,236597,4441,24048,260645,488,10128,104,5757
2020-12-15,23865,260462,2676,26724,287186,777,10905,124,5881
2020-12-16,13682,274144,1480,28204,302348,938,11843,183,6064
2020-12-17,10261,284405,1040,29244,313649,866,12709,116,6180
2020-12-18,10666,295071,1052,30296,325367,1004,13713,142,6322
2020-12-19,9985,305056,1153,31449,336505,752,14465,107,6429
2020-12-20,6501,311557,687,32136,343693,316,14781,48,6477
2020-12-21,4912,316469,486,32622,349091,754,15535,99,6576
2020-12-22,4134,320603,515,33137,353740,1645,17180,190,6766
2020-12-23,2949,323552,394,33531,357083,1633,18813,211,6977
2020-12-24,1379,324931,310,33841,358772,1462,20275,143,7120
2020-12-25,1061,325992,241,34082,360074,328,20603,52,7172
2020-12-26,824,326816,172,34254,361070,399,21002,66,7238
2020-12-27,654,327470,141,34395,361865,413,21415,71,7309
2020-12-28,488,327958,106,34501,362459,1321,22736,154,7463
2020-12-29,498,328456,106,34607,363063,1855,24591,221,7684
2020-12-30,468,328924,123,34730,363654,1973,26564,233,7917
2020-12-31,366,329290,90,34820,364110,1521,28085,191,8108
2021-01-01,300,329590,75,34895,364485,309,28394,34,8142
2021-01-02,333,329923,93,34988,364911,474,28868,65,8207
2021-01-03,337,330260,57,35045,365305,487,29355,70,8277
2021-01-04,301,330561,68,35113,365674,1601,30956,202,8479
2021-01-05,465,331026,63,35176,366202,2730,33686,274,8753
2021-01-06,496,331522,73,35249,366771,2163,35849,237,8990
2021-01-07,455,331977,73,35322,367299,1631,37480,168,9158
2021-01-08,509,332486,74,35396,367882,1558,39038,169,9327
2021-01-09,462,332948,63,35459,368407,579,39617,75,9402
2021-01-10,377,333325,59,35518,368843,290,39907,42,9444
2021-01-11,367,333692,52,35570,369262,1193,41100,105,9549
2021-01-12,338,334030,57,35627,369657,1732,42832,162,9711
2021-01-13,431,334461,63,35690,370151,1390,44222,150,9861
2021-01-14,615,335076,93,35783,370859,1181,45403,117,9978
2021-01-15,508,335584,85,35868,371452,1225,46628,94,10072
2021-01-16,373,335957,56,35924,371881,542,47170,64,10136
2021-01-17,326,336283,42,35966,372249,252,47422,37,10173
2021-01-18,330,336613,37,36003,372616,1193,48615,114,10287
2021-01-19,324,336937,34,36037,372974,1389,50004,136,10423
2021-01-20,296,337233,48,36085,373318,1162,51166,115,10538
2021-01-21,282,337515,47,36132,373647,1076,52242,109,10647
2021-01-22,613,338128,88,36220,374348,1156,53398,121,10768
2021-01-23,489,338617,57,36277,374894,515,53913,53,10821
2021-01-24,543,339160,57,36334,375494,237,54150,42,10863
2021-01-25,652,339812,39,36373,376185,1177,55327,117,10980
2021-01-26,501,340313,45,36418,376731,1539,56866,161,11141
2021-01-27,362,340675,50,36468,377143,1263,58129,115,11256
2021-01-28,349,341024,49,36517,377541,1095,59224,125,11381
2021-01-29,308,341332,38,36555,377887,983,60207,104,11485
2021-01-30,556,341888,74,36629,378517,544,60751,51,11536
2021-01-31,259,342147,39,36668,378815,299,61050,36,11572
2021-02-01,243,342390,39,36707,379097,1179,62229,106,11678
2021-02-02,234,342624,29,36736,379360,1297,63526,119,11797
2021-02-03,252,342876,20,36756,379632,1070,64596,87,11884
2021-02-04,228,343104,42,36798,379902,804,65400,69,11953
2021-02-05,205,343309,31,36829,380138,726,66126,64,12017
2021-02-06,196,343505,31,36860,380365,567,66693,58,12075
2021-02-07,159,343664,21,36881,380545,246,66939,29,12104
2021-02-08,148,343812,18,36899,380711,291,67230,29,12133
2021-02-09,156,343968,26,36925,380893,1235,68465,77,12210
2021-02-10,232,344200,32,36957,381157,1264,69729,806,13016
2021-02-11,207,344407,27,36984,381391,1047,70776,1076,14092
2021-02-12,380,344787,73,37057,381844,951,71727,954,15046
2021-02-13,312,345099,38,37095,382194,625,72352,957,16003
2021-02-14,163,345262,22,37117,382379,333,72685,681,16684
2021-02-15,151,345413,23,37140,382553,657,73342,1010,17694
2021-02-16,188,345601,30,37170,382771,974,74316,2059,19753
2021-02-17,119,345720,39,37209,382929,769,75085,2095,21848
2021-02-18,157,345877,49,37258,383135,717,75802,2071,23919
2021-02-19,169,346046,27,37285,383331,850,76652,2220,26139
2021-02-20,210,346256,23,37308,383564,407,77059,1943,28082
2021-02-21,136,346392,18,37326,383718,234,77293,1241,29323
2021-02-22,233,346625,29,37355,383980,702,77995,1424,30747
2021-02-23,170,346795,27,37382,384177,969,78964,2150,32897
2021-02-24,159,346954,37,37419,384373,744,79708,2154,35051
2021-02-25,185,347139,18,37437,384576,834,80542,2179,37230
2021-02-26,127,347266,53,37490,384756,849,81391,2240,39470
2021-02-27,110,347376,30,37520,384896,422,81813,1950,41420
2021-02-28,140,347516,16,37536,385052,213,82026,1217,42637
2021-03-01,125,347641,22,37558,385199,589,82615,1397,44034
2021-03-02,136,347777,28,37586,385363,1028,83643,2298,46332
2021-03-03,147,347924,40,37626,385550,930,84573,2330,48662
2021-03-04,154,348078,42,37668,385746,758,85331,2028,50690
2021-03-05,137,348215,33,37701,385916,786,86117,2270,52960
2021-03-06,125,348340,32,37733,386073,382,86499,2017,54977
2021-03-07,183,348523,7,37740,386263,180,86679,1275,56252
2021-03-08,117,348640,21,37761,386401,633,87312,1494,57746
2021-03-09,150,348790,19,37780,386570,824,88136,2691,60437
2021-03-10,145,348935,28,37808,386743,762,88898,2769,63206
2021-03-11,134,349069,23,37831,386900,664,89562,2771,65977
2021-03-12,229,349298,23,37854,387152,549,90111,3145,69122
2021-03-13,200,349498,14,37868,387366,692,90803,2746,71868
2021-03-14,155,349653,21,37889,387542,183,90986,1639,73507
2021-03-15,144,349797,23,37912,387709,772,91758,2062,75569
2021-03-16,124,349921,,37912,387833,717,92475,3518,79087
2021-03-17,,349921,,37912,387833,981,93456,3667,82754
2021-03-18,,349921,,37912,387833,820,94276,3452,86206
2021-03-19,,349921,,37912,387833,915,95191,3863,90069
2021-03-20,,349921,,37912,387833,480,95671,3502,93571
2021-03-21,,349921,,37912,387833,249,95920,2112,95683
